index,variant,haddock_mean,haddock_error,vanderwalls_mean,banderwalls_error,electrostatic_mean,electrostatic_error,desolvation_mean,desolvation_error,buried_area_mean,buried_area_error,class
0,WT,−89.9,5.2,−54.7,2.4,−184.5,9.3,1.7,4,1729,34.6,WT
1,QAK24-26KAE,−95.2,4.1,−52,2.2,−196,33,−4,5.1,1709.5,68.2,B
2,K31D,−85.7,6.5,−56.4,2.5,−176.9,11.6,6,6.4,1692.6,10.3,D
3,E37A,−91.2,3.7,−52.2,1.1,−176.9,30.6,−3.6,7,1660.4,22.9,A
4,D38A,−86,8.3,−55.5,2.2,−174.8,33.8,4.5,4.2,1685.6,53.2,A
5,Y41A,−92.1,4.3,−52.7,1.7,−171.7,17,−5,6.9,1687.3,26.7,C
6,K68D,−85.9,5.9,−55.5,1.8,−188.8,21,7.4,4.6,1739.4,52,B
7,MYP82-84NFS,−99,6.4,−53.9,2.6,−176.8,11.8,−9.7,7.4,1750,36.3,E
8,E110P,−90.2,3.2,−56.2,2.3,−208.3,12.1,7.6,6.3,1739.8,32.7,A
9,PD135-136SM,−102,3.7,−56.6,2.1,−210.3,19.8,−3.4,8.8,1774,53.6,A
10,E160R,−90.5,2,−55.5,2.5,−182,12.4,1.4,5.7,1721,30.4,A
11,R169Q,−98,4.2,−53.5,2.9,−202,22.8,−4.1,2.5,1733.7,65.7,F
12,R192D,−111.8,5,−58.2,2.7,−198.3,11.3,−13.9,6.4,1764.1,12.6,A
13,R219D,−94.4,4.9,−54.6,4.6,−206,11.9,1.3,5.5,1756.8,25.6,A
14,H239Q,−97.1,8.2,−56,1,−194.1,16.6,−2.3,9.4,1697.8,39.8,A
15,W271Q,−95.5,3.2,−54.8,1.4,−208.4,8.7,1,4.5,1736.5,15,F
16,R273Q,−104.1,6.3,−55.7,2.1,−215.2,17.4,−5.4,6.1,1767.5,38.9,G
17,K309D,−91.1,7.8,−57.8,2.2,−180.4,17.5,2.9,9.2,1759.9,32,A
18,E312A,−90.9,2.5,−57,1.9,−172.6,15.8,0.7,3.2,1705.4,23,A
19,T324A,−99.7,4.7,−54.9,0.8,−189.8,26.4,−6.9,3.9,1726.7,7,A
20,NVQ338-340DDR,−84,3.7,−54,3.9,−193.2,10.9,8.6,4.5,1730.3,28.2,A
21,H345A,−92.3,4.8,−55,0.8,−188.4,4.7,0.4,4.9,1674.9,26.7,G
22,D350A,−95.6,7.5,−54.7,3.8,−184,20.2,−4.1,1.2,1691.8,47.5,A
23,K353H,−104.7,4.6,−57.2,1.5,−174.6,5.1,−12.7,5.1,1749.2,38.3,D
24,K353A,−93,1.9,−50.7,3,−160,34.1,−10.3,4.7,1668.1,28.4,D
25,K353D,−101.9,8,−53.8,3.3,−201,8.3,−7.9,6.6,1739,30.3,D
26,D355A,−96.4,2,−53.9,1.9,−207.4,8,−1,2.8,1719,16.3,C
27,R357A,−101.9,5.2,−58.3,0.9,−199.5,11.7,−3.7,6.1,1759.3,41.2,C
28,L359K,−98.8,3.9,−53.9,4.2,−174,27.4,−10,2.1,1728.7,32.5,A
29,L359A,−90.9,5.6,−54,1.2,−205.2,17.2,4.2,7.7,1733.2,38.9,A
30,M383A,−105.6,4.7,−59.6,3.1,−197.5,13.7,−6.5,7.5,1788.8,25.8,B
31,P389A,−104.3,9.9,−55.6,5.2,−198,5.9,−9.1,9.3,1755.2,61,B
32,R393A,−106.3,1,−54.5,3.4,−201.1,10.8,−11.5,3,1715.3,43.5,B
33,SPD425-427PSN,−96.7,3.9,−55.7,0.2,−171.9,14.3,−6.7,2.7,1727.6,53,B
34,KGE465-467QDK,−81.8,3.1,−53.1,3.7,−184.4,23.9,8.2,3,1753.7,38.8,A
35,K481Q,−97.1,3.4,−56.8,1.6,−198.8,9.3,−0.6,1.6,1726,42.2,H
36,H505A,−99.7,7.8,−55.4,3,−193.6,12.2,−5.6,7.1,1724.3,26.3,G
37,R514Q,−87.6,2.5,−54.2,2.5,−193.1,16.5,5.2,3.8,1739.2,36.7,H
38,R559S,−91.4,7.5,−54.6,1.4,−203.1,14.5,3.7,7.7,1744.3,12.4,B
39,F603T,−92.6,3.3,−58,1.7,−165.9,16.3,−1.4,3.3,1739.6,24.7,A